lhood_heb L_heb pr_heb lhood_heb_Px2 L_heb_Px2 pr_heb_Px2 lhood_eb L_eb pr_eb lhood_eb_Px2 L_eb_Px2 pr_eb_Px2 lhood_beb L_beb pr_beb lhood_beb_Px2 L_beb_Px2 pr_beb_Px2 lhood_pl L_pl pr_pl fpV fp FPP
0.00e+00 0.00e+00 0.00e+00 5.06e-80 1.61e-85 4.73e-83 3.15e-273 6.12e-276 1.79e-273 1.27e-97 2.73e-102 8.00e-100 4.13e-04 6.80e-07 1.99e-04 2.67e-22 3.20e-25 9.37e-23 7.43e-01 3.41e-03 1.00e+00 0.00354 0.089 1.99e-04
0.00e+00 0.00e+00 0.00e+00 6.70e-90 4.02e-95 1.24e-92 3.82e-259 7.62e-262 2.35e-259 1.28e-95 4.11e-100 1.27e-97 3.08e-04 4.88e-07 1.50e-04 6.48e-22 7.59e-25 2.34e-22 7.07e-01 3.24e-03 1.00e+00 0.00267 0.089 1.50e-04
0.00e+00 0.00e+00 0.00e+00 3.18e-91 1.61e-96 4.65e-94 3.76e-273 7.61e-276 2.20e-273 2.71e-89 6.43e-94 1.86e-91 4.20e-04 6.76e-07 1.95e-04 8.28e-22 9.63e-25 2.78e-22 7.55e-01 3.46e-03 1.00e+00 0.00347 0.089 1.95e-04
0.00e+00 0.00e+00 0.00e+00 1.56e-87 7.64e-93 2.22e-90 2.40e-279 4.79e-282 1.39e-279 7.58e-92 1.97e-96 5.71e-94 2.62e-04 4.18e-07 1.21e-04 4.74e-22 5.72e-25 1.66e-22 7.51e-01 3.45e-03 1.00e+00 0.00215 0.089 1.21e-04
0.00e+00 0.00e+00 0.00e+00 4.76e-93 2.32e-98 6.49e-96 7.09e-285 1.35e-287 3.79e-285 3.89e-100 1.10e-104 3.08e-102 4.35e-04 6.96e-07 1.95e-04 3.64e-27 4.30e-30 1.20e-27 7.79e-01 3.57e-03 1.00e+00 0.00346 0.089 1.95e-04
0.00e+00 0.00e+00 0.00e+00 1.64e-96 1.05e-101 2.99e-99 1.64e-278 3.33e-281 9.52e-279 1.45e-93 3.44e-98 9.81e-96 2.44e-04 3.96e-07 1.13e-04 2.57e-22 3.12e-25 8.91e-23 7.63e-01 3.50e-03 1.00e+00 0.002 0.089 1.13e-04
0.00e+00 0.00e+00 0.00e+00 9.22e-87 3.64e-92 1.07e-89 6.80e-269 1.39e-271 4.08e-269 5.13e-103 1.61e-107 4.71e-105 3.38e-04 5.42e-07 1.59e-04 1.20e-27 1.47e-30 4.30e-28 7.43e-01 3.41e-03 1.00e+00 0.00282 0.089 1.59e-04
0.00e+00 0.00e+00 0.00e+00 1.45e-95 7.92e-101 2.32e-98 2.97e-256 5.60e-259 1.64e-256 2.79e-99 6.61e-104 1.94e-101 6.52e-04 1.06e-06 3.12e-04 8.04e-22 9.78e-25 2.87e-22 7.42e-01 3.41e-03 1.00e+00 0.00554 0.089 3.12e-04
0.00e+00 0.00e+00 0.00e+00 7.95e-96 5.22e-101 1.57e-98 3.84e-266 7.54e-269 2.26e-266 3.37e-93 8.76e-98 2.63e-95 6.95e-04 1.14e-06 3.41e-04 5.69e-21 6.77e-24 2.03e-21 7.26e-01 3.33e-03 1.00e+00 0.00606 0.089 3.41e-04
0.00e+00 0.00e+00 0.00e+00 1.11e-93 5.43e-99 1.59e-96 1.03e-275 2.03e-278 5.96e-276 2.92e-95 6.47e-100 1.90e-97 2.57e-04 4.17e-07 1.22e-04 2.71e-21 3.23e-24 9.47e-22 7.43e-01 3.41e-03 1.00e+00 0.00217 0.089 1.22e-04
0.00e+00 0.00e+00 0.00e+00 9.07e-90 3.91e-95 1.17e-92 2.49e-261 4.80e-264 1.44e-261 8.21e-99 2.39e-103 7.15e-101 4.41e-04 7.22e-07 2.16e-04 2.41e-21 2.93e-24 8.78e-22 7.27e-01 3.34e-03 1.00e+00 0.00384 0.089 2.16e-04
0.00e+00 0.00e+00 0.00e+00 2.14e-91 1.37e-96 4.00e-94 4.64e-277 9.54e-280 2.80e-277 5.55e-121 2.16e-125 6.35e-123 1.53e-04 2.51e-07 7.36e-05 3.46e-22 4.18e-25 1.23e-22 7.43e-01 3.41e-03 1.00e+00 0.00131 0.089 7.36e-05
0.00e+00 0.00e+00 0.00e+00 1.25e-93 8.90e-99 2.56e-96 3.19e-278 6.16e-281 1.77e-278 2.37e-107 6.69e-112 1.93e-109 3.21e-04 5.14e-07 1.48e-04 2.95e-23 3.53e-26 1.02e-23 7.57e-01 3.47e-03 1.00e+00 0.00263 0.089 1.48e-04
0.00e+00 0.00e+00 0.00e+00 3.66e-91 1.99e-96 5.60e-94 3.97e-263 7.71e-266 2.17e-263 8.92e-97 2.39e-101 6.71e-99 2.83e-04 4.58e-07 1.29e-04 5.29e-22 6.35e-25 1.78e-22 7.75e-01 3.56e-03 1.00e+00 0.00228 0.089 1.29e-04
0.00e+00 0.00e+00 0.00e+00 2.83e-101 1.91e-106 5.63e-104 8.66e-264 1.68e-266 4.96e-264 8.12e-95 2.24e-99 6.58e-97 1.51e-04 2.45e-07 7.22e-05 2.91e-22 3.46e-25 1.02e-22 7.40e-01 3.39e-03 1.00e+00 0.00128 0.089 7.22e-05
0.00e+00 0.00e+00 0.00e+00 1.39e-101 1.25e-106 3.75e-104 1.30e-264 2.54e-267 7.60e-265 3.82e-104 1.23e-108 3.67e-106 2.48e-04 4.06e-07 1.21e-04 3.03e-22 3.61e-25 1.08e-22 7.28e-01 3.34e-03 1.00e+00 0.00216 0.089 1.21e-04
0.00e+00 0.00e+00 0.00e+00 3.20e-103 1.80e-108 5.20e-106 2.07e-271 4.23e-274 1.22e-271 2.92e-93 7.38e-98 2.13e-95 4.55e-04 7.36e-07 2.12e-04 5.04e-28 6.03e-31 1.74e-28 7.56e-01 3.47e-03 1.00e+00 0.00377 0.089 2.12e-04
0.00e+00 0.00e+00 0.00e+00 1.09e-89 4.50e-95 1.31e-92 1.05e-259 2.08e-262 6.06e-260 1.39e-97 5.19e-102 1.51e-99 2.87e-04 4.75e-07 1.38e-04 1.13e-21 1.33e-24 3.87e-22 7.49e-01 3.44e-03 1.00e+00 0.00245 0.089 1.38e-04
0.00e+00 0.00e+00 0.00e+00 5.03e-91 2.93e-96 8.74e-94 4.84e-270 9.59e-273 2.86e-270 1.45e-98 4.66e-103 1.39e-100 3.02e-04 4.85e-07 1.45e-04 1.38e-22 1.69e-25 5.06e-23 7.29e-01 3.35e-03 1.00e+00 0.00258 0.089 1.45e-04
0.00e+00 0.00e+00 0.00e+00 1.89e-93 8.87e-99 2.62e-96 3.91e-277 8.06e-280 2.38e-277 6.53e-91 1.45e-95 4.28e-93 3.63e-04 6.00e-07 1.77e-04 3.66e-22 4.37e-25 1.29e-22 7.37e-01 3.38e-03 1.00e+00 0.00315 0.089 1.77e-04
0.00e+00 0.00e+00 0.00e+00 1.48e-103 1.00e-108 2.84e-106 3.81e-262 7.43e-265 2.11e-262 2.56e-91 5.86e-96 1.67e-93 1.63e-04 2.65e-07 7.52e-05 2.00e-21 2.44e-24 6.94e-22 7.67e-01 3.52e-03 1.00e+00 0.00134 0.089 7.52e-05
0.00e+00 0.00e+00 0.00e+00 1.96e-98 1.36e-103 3.89e-101 8.92e-265 1.72e-267 4.91e-265 1.79e-96 4.94e-101 1.41e-98 5.15e-04 8.46e-07 2.42e-04 1.59e-22 1.88e-25 5.38e-23 7.61e-01 3.49e-03 1.00e+00 0.0043 0.089 2.42e-04
0.00e+00 0.00e+00 0.00e+00 9.30e-93 4.71e-98 1.46e-95 2.33e-260 4.45e-263 1.38e-260 2.54e-83 4.46e-88 1.38e-85 3.24e-04 5.17e-07 1.60e-04 2.24e-22 2.64e-25 8.19e-23 7.03e-01 3.23e-03 1.00e+00 0.00284 0.089 1.60e-04
0.00e+00 0.00e+00 0.00e+00 1.87e-88 1.09e-93 3.19e-91 6.60e-280 1.29e-282 3.79e-280 1.30e-101 3.77e-106 1.11e-103 6.22e-04 1.02e-06 3.00e-04 1.88e-22 2.34e-25 6.85e-23 7.43e-01 3.41e-03 1.00e+00 0.00533 0.089 3.00e-04
0.00e+00 0.00e+00 0.00e+00 2.21e-99 1.37e-104 4.00e-102 2.00e-274 3.94e-277 1.15e-274 1.71e-90 4.30e-95 1.25e-92 5.74e-04 9.30e-07 2.71e-04 2.91e-22 3.51e-25 1.02e-22 7.47e-01 3.43e-03 1.00e+00 0.00482 0.089 2.71e-04
0.00e+00 0.00e+00 0.00e+00 1.88e-88 9.16e-94 2.76e-91 5.40e-297 1.08e-299 3.25e-297 6.76e-94 1.91e-98 5.75e-96 1.59e-04 2.64e-07 7.93e-05 1.83e-21 2.17e-24 6.54e-22 7.24e-01 3.32e-03 1.00e+00 0.00141 0.089 7.93e-05
0.00e+00 0.00e+00 0.00e+00 7.45e-87 3.36e-92 9.62e-90 3.31e-272 6.18e-275 1.77e-272 1.59e-100 5.12e-105 1.47e-102 3.27e-04 5.31e-07 1.52e-04 2.46e-23 2.95e-26 8.47e-24 7.60e-01 3.49e-03 1.00e+00 0.0027 0.089 1.52e-04
0.00e+00 0.00e+00 0.00e+00 9.43e-91 4.96e-96 1.48e-93 4.26e-268 8.40e-271 2.51e-268 9.71e-96 2.38e-100 7.10e-98 3.16e-04 5.14e-07 1.54e-04 5.58e-22 6.72e-25 2.01e-22 7.29e-01 3.35e-03 1.00e+00 0.00273 0.089 1.54e-04
0.00e+00 0.00e+00 0.00e+00 1.56e-92 8.47e-98 2.51e-95 6.14e-277 1.21e-279 3.58e-277 9.36e-92 2.51e-96 7.42e-94 2.18e-04 3.54e-07 1.05e-04 5.50e-23 6.55e-26 1.94e-23 7.35e-01 3.37e-03 1.00e+00 0.00186 0.089 1.05e-04
0.00e+00 0.00e+00 0.00e+00 1.74e-88 7.53e-94 2.27e-91 1.78e-282 3.57e-285 1.08e-282 7.95e-94 2.25e-98 6.77e-96 1.54e-04 2.50e-07 7.53e-05 8.43e-23 1.02e-25 3.08e-23 7.24e-01 3.32e-03 1.00e+00 0.00134 0.089 7.53e-05
0.00e+00 0.00e+00 0.00e+00 2.74e-98 1.80e-103 5.40e-101 2.11e-256 4.18e-259 1.26e-256 2.96e-100 9.26e-105 2.78e-102 3.27e-04 5.41e-07 1.62e-04 6.60e-22 7.82e-25 2.35e-22 7.26e-01 3.33e-03 1.00e+00 0.00288 0.089 1.62e-04
0.00e+00 0.00e+00 0.00e+00 5.81e-86 2.51e-91 7.51e-89 1.07e-268 2.07e-271 6.20e-269 2.82e-92 6.89e-97 2.06e-94 4.07e-04 6.65e-07 1.99e-04 2.80e-21 3.28e-24 9.83e-22 7.28e-01 3.34e-03 1.00e+00 0.00354 0.089 1.99e-04
0.00e+00 0.00e+00 0.00e+00 2.80e-98 1.53e-103 4.48e-101 4.30e-281 8.08e-284 2.37e-281 9.26e-92 2.27e-96 6.65e-94 3.26e-04 5.27e-07 1.55e-04 7.79e-23 9.42e-26 2.77e-23 7.42e-01 3.41e-03 1.00e+00 0.00275 0.089 1.55e-04
0.00e+00 0.00e+00 0.00e+00 2.61e-98 1.57e-103 4.65e-101 1.36e-285 2.58e-288 7.64e-286 1.38e-81 2.32e-86 6.88e-84 1.45e-04 2.33e-07 6.91e-05 3.56e-28 4.27e-31 1.27e-28 7.35e-01 3.38e-03 1.00e+00 0.00123 0.089 6.91e-05
0.00e+00 0.00e+00 0.00e+00 1.35e-93 7.09e-99 2.03e-96 7.01e-270 1.33e-272 3.80e-270 4.39e-82 8.06e-87 2.30e-84 2.44e-04 3.95e-07 1.13e-04 7.61e-22 9.10e-25 2.60e-22 7.62e-01 3.50e-03 1.00e+00 0.00201 0.089 1.13e-04
0.00e+00 0.00e+00 0.00e+00 1.40e-90 8.15e-96 2.35e-93 6.48e-264 1.23e-266 3.55e-264 2.82e-94 8.40e-99 2.42e-96 1.52e-04 2.47e-07 7.13e-05 2.22e-21 2.70e-24 7.79e-22 7.54e-01 3.46e-03 1.00e+00 0.00127 0.089 7.13e-05
0.00e+00 0.00e+00 0.00e+00 3.12e-88 1.58e-93 4.93e-91 4.96e-273 9.76e-276 3.04e-273 2.28e-92 5.40e-97 1.69e-94 6.26e-04 1.00e-06 3.13e-04 2.66e-21 3.18e-24 9.93e-22 6.98e-01 3.20e-03 1.00e+00 0.00556 0.089 3.13e-04
0.00e+00 0.00e+00 0.00e+00 5.55e-95 3.86e-100 1.12e-97 1.54e-266 3.00e-269 8.72e-267 5.07e-94 1.47e-98 4.29e-96 2.62e-04 4.24e-07 1.23e-04 1.86e-26 2.20e-29 6.39e-27 7.49e-01 3.44e-03 1.00e+00 0.00219 0.089 1.23e-04
0.00e+00 0.00e+00 0.00e+00 1.34e-93 9.54e-99 2.77e-96 5.13e-273 9.65e-276 2.81e-273 1.49e-94 4.11e-99 1.19e-96 2.15e-04 3.44e-07 1.00e-04 5.95e-23 7.02e-26 2.04e-23 7.49e-01 3.44e-03 1.00e+00 0.00178 0.089 1.00e-04
0.00e+00 0.00e+00 0.00e+00 6.04e-93 3.40e-98 9.92e-96 8.05e-287 1.55e-289 4.51e-287 2.64e-101 6.86e-106 2.00e-103 4.35e-04 7.08e-07 2.06e-04 4.82e-22 5.72e-25 1.67e-22 7.47e-01 3.43e-03 1.00e+00 0.00367 0.089 2.06e-04
0.00e+00 0.00e+00 0.00e+00 1.58e-89 7.72e-95 2.24e-92 1.52e-269 2.97e-272 8.62e-270 2.80e-115 7.27e-120 2.11e-117 2.62e-04 4.13e-07 1.20e-04 1.84e-22 2.25e-25 6.53e-23 7.50e-01 3.44e-03 1.00e+00 0.00213 0.089 1.20e-04
0.00e+00 0.00e+00 0.00e+00 2.20e-89 9.52e-95 2.78e-92 4.67e-258 9.35e-261 2.73e-258 1.54e-97 5.43e-102 1.59e-99 2.88e-04 4.72e-07 1.38e-04 5.49e-24 6.53e-27 1.91e-24 7.46e-01 3.42e-03 1.00e+00 0.00245 0.089 1.38e-04
0.00e+00 0.00e+00 0.00e+00 6.20e-81 2.09e-86 6.20e-84 1.53e-266 2.99e-269 8.83e-267 4.86e-103 1.63e-107 4.84e-105 5.12e-04 8.47e-07 2.51e-04 1.46e-27 1.75e-30 5.18e-28 7.36e-01 3.38e-03 1.00e+00 0.00445 0.089 2.51e-04
0.00e+00 0.00e+00 0.00e+00 2.75e-96 1.40e-101 4.06e-99 7.77e-261 1.48e-263 4.32e-261 3.29e-98 1.08e-102 3.15e-100 4.15e-04 6.82e-07 1.98e-04 9.15e-22 1.10e-24 3.20e-22 7.49e-01 3.44e-03 1.00e+00 0.00352 0.089 1.98e-04
0.00e+00 0.00e+00 0.00e+00 6.79e-86 2.80e-91 8.15e-89 6.30e-270 1.24e-272 3.60e-270 5.01e-103 1.45e-107 4.23e-105 7.94e-05 1.30e-07 3.78e-05 2.63e-22 3.15e-25 9.15e-23 7.49e-01 3.44e-03 1.00e+00 0.000671 0.089 3.78e-05
0.00e+00 0.00e+00 0.00e+00 1.76e-97 9.60e-103 2.92e-100 8.96e-269 1.69e-271 5.13e-269 2.99e-96 6.18e-101 1.88e-98 2.12e-04 3.43e-07 1.04e-04 5.07e-31 6.10e-34 1.85e-31 7.17e-01 3.29e-03 1.00e+00 0.00185 0.089 1.04e-04
0.00e+00 0.00e+00 0.00e+00 1.93e-98 1.09e-103 3.16e-101 6.93e-270 1.40e-272 4.07e-270 6.65e-95 2.09e-99 6.08e-97 1.01e-04 1.66e-07 4.83e-05 5.65e-22 6.87e-25 2.00e-22 7.48e-01 3.43e-03 1.00e+00 0.000858 0.089 4.83e-05
0.00e+00 0.00e+00 0.00e+00 7.62e-97 5.29e-102 1.54e-99 7.57e-253 1.51e-255 4.41e-253 2.04e-97 6.71e-102 1.96e-99 2.70e-04 4.34e-07 1.27e-04 8.16e-22 9.64e-25 2.81e-22 7.47e-01 3.43e-03 1.00e+00 0.00225 0.089 1.27e-04
0.00e+00 0.00e+00 0.00e+00 5.34e-86 2.60e-91 7.84e-89 4.04e-262 7.90e-265 2.38e-262 8.77e-91 1.81e-95 5.45e-93 1.97e-04 3.24e-07 9.76e-05 3.56e-22 4.26e-25 1.28e-22 7.23e-01 3.32e-03 1.00e+00 0.00173 0.089 9.76e-05
0.00e+00 0.00e+00 0.00e+00 1.17e-86 4.60e-92 1.34e-89 1.94e-269 3.83e-272 1.11e-269 2.80e-94 6.21e-99 1.80e-96 4.98e-04 8.14e-07 2.37e-04 1.38e-22 1.65e-25 4.81e-23 7.50e-01 3.44e-03 1.00e+00 0.0042 0.089 2.37e-04
0.00e+00 0.00e+00 0.00e+00 8.53e-93 4.64e-98 1.40e-95 2.44e-257 4.95e-260 1.49e-257 9.12e-101 3.21e-105 9.67e-103 3.55e-04 5.70e-07 1.72e-04 7.76e-22 9.50e-25 2.87e-22 7.23e-01 3.32e-03 1.00e+00 0.00305 0.089 1.72e-04
0.00e+00 0.00e+00 0.00e+00 2.47e-91 1.35e-96 4.01e-94 7.17e-265 1.43e-267 4.27e-265 9.48e-96 1.88e-100 5.61e-98 1.79e-04 2.91e-07 8.67e-05 8.36e-23 1.01e-25 2.99e-23 7.32e-01 3.36e-03 1.00e+00 0.00154 0.089 8.67e-05
0.00e+00 0.00e+00 0.00e+00 1.31e-86 5.67e-92 1.68e-89 4.26e-260 8.13e-263 2.41e-260 9.51e-96 2.91e-100 8.62e-98 7.41e-04 1.20e-06 3.54e-04 5.92e-22 7.20e-25 2.13e-22 7.35e-01 3.37e-03 1.00e+00 0.00629 0.089 3.54e-04
0.00e+00 0.00e+00 0.00e+00 2.66e-95 1.30e-100 3.93e-98 4.69e-290 9.14e-293 2.77e-290 2.27e-98 7.11e-103 2.15e-100 6.61e-04 1.07e-06 3.23e-04 1.14e-28 1.40e-31 4.25e-29 7.20e-01 3.30e-03 1.00e+00 0.00573 0.089 3.23e-04
0.00e+00 0.00e+00 0.00e+00 6.18e-94 3.48e-99 1.04e-96 1.35e-265 2.64e-268 7.91e-266 3.18e-111 9.73e-116 2.92e-113 4.27e-04 7.13e-07 2.14e-04 1.18e-21 1.44e-24 4.30e-22 7.26e-01 3.33e-03 1.00e+00 0.0038 0.089 2.14e-04
0.00e+00 0.00e+00 0.00e+00 1.34e-93 7.52e-99 2.33e-96 1.20e-263 2.37e-266 7.37e-264 1.44e-96 3.96e-101 1.23e-98 5.86e-04 9.71e-07 3.01e-04 8.38e-22 9.99e-25 3.10e-22 7.02e-01 3.22e-03 1.00e+00 0.00535 0.089 3.01e-04
0.00e+00 0.00e+00 0.00e+00 6.21e-93 3.38e-98 1.01e-95 2.88e-265 5.75e-268 1.72e-265 6.10e-100 1.91e-104 5.72e-102 3.50e-04 5.71e-07 1.71e-04 5.13e-27 6.15e-30 1.84e-27 7.27e-01 3.34e-03 1.00e+00 0.00304 0.089 1.71e-04
0.00e+00 0.00e+00 0.00e+00 4.47e-89 2.27e-94 6.69e-92 6.50e-272 1.28e-274 3.78e-272 2.38e-89 5.45e-94 1.61e-91 1.54e-04 2.49e-07 7.34e-05 2.58e-21 3.04e-24 8.96e-22 7.38e-01 3.39e-03 1.00e+00 0.0013 0.089 7.34e-05
0.00e+00 0.00e+00 0.00e+00 1.05e-87 4.73e-93 1.43e-90 9.62e-269 1.77e-271 5.34e-269 1.08e-98 3.72e-103 1.13e-100 2.36e-04 3.81e-07 1.15e-04 6.33e-22 7.73e-25 2.34e-22 7.20e-01 3.30e-03 1.00e+00 0.00205 0.089 1.15e-04
0.00e+00 0.00e+00 0.00e+00 1.32e-98 7.92e-104 2.40e-101 4.93e-282 9.46e-285 2.86e-282 3.05e-88 6.29e-93 1.91e-90 2.69e-04 4.41e-07 1.33e-04 1.02e-22 1.21e-25 3.66e-23 7.19e-01 3.30e-03 1.00e+00 0.00237 0.089 1.33e-04
0.00e+00 0.00e+00 0.00e+00 1.75e-93 1.05e-98 2.98e-96 1.70e-270 3.21e-273 9.12e-271 2.60e-96 5.58e-101 1.59e-98 1.26e-04 2.02e-07 5.74e-05 7.18e-22 8.45e-25 2.40e-22 7.66e-01 3.52e-03 1.00e+00 0.00102 0.089 5.74e-05
0.00e+00 0.00e+00 0.00e+00 3.29e-97 1.67e-102 4.86e-100 2.33e-257 4.65e-260 1.35e-257 2.66e-99 7.73e-104 2.25e-101 8.96e-05 1.47e-07 4.26e-05 1.45e-21 1.77e-24 5.16e-22 7.49e-01 3.44e-03 1.00e+00 0.000757 0.089 4.26e-05
0.00e+00 0.00e+00 0.00e+00 4.64e-90 2.96e-95 8.72e-93 3.88e-270 7.29e-273 2.15e-270 3.29e-95 9.32e-100 2.74e-97 5.21e-04 8.43e-07 2.48e-04 2.99e-22 3.63e-25 1.07e-22 7.40e-01 3.40e-03 1.00e+00 0.0044 0.089 2.48e-04
0.00e+00 0.00e+00 0.00e+00 1.81e-98 1.22e-103 3.56e-101 8.99e-283 1.78e-285 5.17e-283 4.48e-102 1.20e-106 3.49e-104 4.91e-04 7.99e-07 2.33e-04 3.52e-22 4.30e-25 1.25e-22 7.48e-01 3.43e-03 1.00e+00 0.00413 0.089 2.33e-04
0.00e+00 0.00e+00 0.00e+00 4.60e-86 2.16e-91 6.27e-89 1.67e-272 3.23e-275 9.38e-273 7.37e-90 1.86e-94 5.40e-92 5.23e-04 8.48e-07 2.46e-04 1.90e-26 2.25e-29 6.53e-27 7.49e-01 3.44e-03 1.00e+00 0.00438 0.089 2.46e-04
0.00e+00 0.00e+00 0.00e+00 5.10e-94 2.30e-99 6.73e-97 9.38e-271 1.90e-273 5.57e-271 2.10e-105 5.62e-110 1.65e-107 5.07e-04 8.14e-07 2.38e-04 1.58e-21 1.93e-24 5.64e-22 7.44e-01 3.41e-03 1.00e+00 0.00423 0.089 2.38e-04
0.00e+00 0.00e+00 0.00e+00 1.53e-93 9.19e-99 2.79e-96 1.08e-267 2.02e-270 6.11e-268 3.90e-99 1.16e-103 3.53e-101 5.88e-04 9.42e-07 2.86e-04 1.62e-22 1.95e-25 5.91e-23 7.18e-01 3.30e-03 1.00e+00 0.00507 0.089 2.86e-04
0.00e+00 0.00e+00 0.00e+00 1.39e-88 6.53e-94 1.88e-91 1.76e-280 3.39e-283 9.77e-281 1.37e-109 4.81e-114 1.39e-111 7.11e-04 1.16e-06 3.33e-04 6.59e-26 7.92e-29 2.29e-26 7.55e-01 3.46e-03 1.00e+00 0.00592 0.089 3.33e-04
0.00e+00 0.00e+00 0.00e+00 2.20e-94 1.61e-99 4.75e-97 8.04e-274 1.66e-276 4.90e-274 9.73e-98 3.05e-102 8.99e-100 4.65e-04 7.44e-07 2.19e-04 1.16e-22 1.38e-25 4.07e-23 7.38e-01 3.39e-03 1.00e+00 0.0039 0.089 2.19e-04
0.00e+00 0.00e+00 0.00e+00 2.87e-96 1.78e-101 5.00e-99 2.04e-285 3.97e-288 1.12e-285 1.07e-88 2.05e-93 5.75e-91 2.02e-04 3.31e-07 9.30e-05 1.51e-21 1.78e-24 5.00e-22 7.75e-01 3.56e-03 1.00e+00 0.00165 0.089 9.30e-05
0.00e+00 0.00e+00 0.00e+00 2.37e-99 1.78e-104 5.15e-102 7.03e-265 1.42e-267 4.10e-265 3.04e-98 7.67e-103 2.22e-100 5.01e-04 8.03e-07 2.32e-04 2.82e-21 3.46e-24 1.00e-21 7.53e-01 3.46e-03 1.00e+00 0.00412 0.089 2.32e-04
0.00e+00 0.00e+00 0.00e+00 6.34e-88 3.10e-93 9.31e-91 4.78e-278 9.08e-281 2.73e-278 1.31e-98 3.92e-103 1.18e-100 4.32e-04 7.05e-07 2.12e-04 4.72e-23 5.63e-26 1.69e-23 7.25e-01 3.33e-03 1.00e+00 0.00376 0.089 2.12e-04
0.00e+00 0.00e+00 0.00e+00 5.29e-97 2.88e-102 8.38e-100 1.15e-254 2.29e-257 6.67e-255 5.87e-91 1.44e-95 4.18e-93 5.58e-04 8.99e-07 2.62e-04 1.29e-22 1.51e-25 4.40e-23 7.49e-01 3.44e-03 1.00e+00 0.00464 0.089 2.62e-04
0.00e+00 0.00e+00 0.00e+00 1.49e-96 9.76e-102 2.89e-99 8.39e-272 1.57e-274 4.66e-272 1.66e-91 4.44e-96 1.31e-93 2.93e-04 4.78e-07 1.41e-04 5.90e-21 7.11e-24 2.10e-21 7.36e-01 3.38e-03 1.00e+00 0.00251 0.089 1.41e-04
0.00e+00 0.00e+00 0.00e+00 2.29e-84 6.88e-90 2.01e-87 4.12e-283 8.20e-286 2.40e-283 6.45e-91 1.53e-95 4.48e-93 2.24e-04 3.66e-07 1.07e-04 4.89e-23 5.77e-26 1.69e-23 7.44e-01 3.42e-03 1.00e+00 0.0019 0.089 1.07e-04
0.00e+00 0.00e+00 0.00e+00 9.17e-97 5.33e-102 1.57e-99 3.30e-280 6.48e-283 1.91e-280 9.98e-94 2.44e-98 7.18e-96 1.19e-04 1.91e-07 5.62e-05 8.19e-26 9.75e-29 2.87e-26 7.41e-01 3.40e-03 1.00e+00 0.000997 0.089 5.62e-05
0.00e+00 0.00e+00 0.00e+00 3.44e-89 1.93e-94 5.74e-92 1.09e-285 2.07e-288 6.15e-286 7.31e-92 2.46e-96 7.29e-94 4.99e-04 8.23e-07 2.44e-04 5.93e-22 7.14e-25 2.12e-22 7.34e-01 3.37e-03 1.00e+00 0.00433 0.089 2.44e-04
0.00e+00 0.00e+00 0.00e+00 1.96e-101 1.51e-106 4.29e-104 1.23e-271 2.39e-274 6.80e-272 5.72e-98 2.06e-102 5.85e-100 1.48e-04 2.37e-07 6.73e-05 3.91e-22 4.66e-25 1.32e-22 7.66e-01 3.52e-03 1.00e+00 0.0012 0.089 6.73e-05
0.00e+00 0.00e+00 0.00e+00 4.82e-93 2.90e-98 8.21e-96 4.28e-276 8.57e-279 2.43e-276 7.97e-96 2.13e-100 6.04e-98 1.04e-04 1.65e-07 4.69e-05 2.41e-22 2.87e-25 8.13e-23 7.69e-01 3.53e-03 1.00e+00 0.000832 0.089 4.69e-05
0.00e+00 0.00e+00 0.00e+00 1.81e-92 1.09e-97 3.11e-95 2.14e-279 4.18e-282 1.20e-279 3.37e-92 9.79e-97 2.80e-94 3.83e-04 6.05e-07 1.73e-04 1.58e-25 1.91e-28 5.45e-26 7.63e-01 3.50e-03 1.00e+00 0.00307 0.089 1.73e-04
0.00e+00 0.00e+00 0.00e+00 2.48e-92 1.35e-97 3.96e-95 6.89e-259 1.35e-261 3.96e-259 3.97e-94 9.71e-99 2.84e-96 1.25e-04 2.03e-07 5.93e-05 1.64e-23 1.97e-26 5.78e-24 7.45e-01 3.42e-03 1.00e+00 0.00105 0.089 5.93e-05
0.00e+00 0.00e+00 0.00e+00 4.47e-86 2.01e-91 5.84e-89 1.51e-263 2.90e-266 8.42e-264 1.22e-99 3.74e-104 1.09e-101 1.77e-04 2.86e-07 8.31e-05 1.85e-21 2.22e-24 6.44e-22 7.51e-01 3.45e-03 1.00e+00 0.00148 0.089 8.31e-05
0.00e+00 0.00e+00 0.00e+00 4.14e-86 1.63e-91 4.86e-89 2.75e-259 5.39e-262 1.61e-259 1.40e-96 3.22e-101 9.59e-99 4.16e-04 6.84e-07 2.04e-04 4.26e-21 5.04e-24 1.50e-21 7.31e-01 3.35e-03 1.00e+00 0.00362 0.089 2.04e-04
0.00e+00 0.00e+00 0.00e+00 1.70e-90 8.29e-96 2.42e-93 1.18e-260 2.31e-263 6.73e-261 1.42e-97 3.59e-102 1.05e-99 3.14e-04 5.13e-07 1.49e-04 1.80e-26 2.15e-29 6.28e-27 7.47e-01 3.43e-03 1.00e+00 0.00265 0.089 1.49e-04
0.00e+00 0.00e+00 0.00e+00 4.66e-93 3.06e-98 9.28e-96 8.36e-255 1.66e-257 5.04e-255 1.23e-101 2.92e-106 8.86e-104 4.17e-04 6.83e-07 2.07e-04 4.40e-22 5.27e-25 1.60e-22 7.19e-01 3.30e-03 1.00e+00 0.00367 0.089 2.07e-04
0.00e+00 0.00e+00 0.00e+00 2.58e-96 1.60e-101 4.64e-99 7.52e-274 1.49e-276 4.33e-274 7.28e-117 1.84e-121 5.34e-119 4.65e-04 7.49e-07 2.18e-04 1.26e-25 1.50e-28 4.37e-26 7.49e-01 3.44e-03 1.00e+00 0.00387 0.089 2.18e-04
0.00e+00 0.00e+00 0.00e+00 1.02e-83 3.46e-89 1.03e-86 5.01e-273 9.98e-276 2.97e-273 1.05e-101 3.14e-106 9.34e-104 5.51e-04 8.91e-07 2.65e-04 1.44e-22 1.73e-25 5.14e-23 7.32e-01 3.36e-03 1.00e+00 0.00471 0.089 2.65e-04
0.00e+00 0.00e+00 0.00e+00 2.19e-90 1.32e-95 3.83e-93 4.92e-262 9.49e-265 2.76e-262 1.61e-96 4.68e-101 1.36e-98 3.01e-04 4.81e-07 1.40e-04 2.92e-21 3.49e-24 1.02e-21 7.48e-01 3.43e-03 1.00e+00 0.00249 0.089 1.40e-04
0.00e+00 0.00e+00 0.00e+00 8.14e-97 5.04e-102 1.48e-99 1.65e-260 3.30e-263 9.70e-261 1.88e-90 4.74e-95 1.39e-92 7.86e-04 1.25e-06 3.69e-04 1.35e-21 1.61e-24 4.74e-22 7.40e-01 3.40e-03 1.00e+00 0.00656 0.089 3.69e-04
0.00e+00 0.00e+00 0.00e+00 5.59e-89 2.62e-94 7.52e-92 2.01e-267 4.02e-270 1.15e-267 8.57e-95 2.69e-99 7.70e-97 3.80e-04 6.12e-07 1.75e-04 1.96e-21 2.33e-24 6.68e-22 7.60e-01 3.49e-03 1.00e+00 0.00312 0.089 1.75e-04
0.00e+00 0.00e+00 0.00e+00 1.90e-97 1.11e-102 3.22e-100 5.57e-267 1.07e-269 3.11e-267 3.66e-92 1.06e-96 3.09e-94 2.89e-04 4.69e-07 1.36e-04 4.98e-22 5.97e-25 1.73e-22 7.50e-01 3.44e-03 1.00e+00 0.00242 0.089 1.36e-04
0.00e+00 0.00e+00 0.00e+00 1.05e-93 6.30e-99 1.80e-96 3.56e-270 7.07e-273 2.02e-270 7.16e-91 1.92e-95 5.47e-93 9.22e-04 1.54e-06 4.41e-04 3.92e-22 4.65e-25 1.33e-22 7.63e-01 3.50e-03 1.00e+00 0.00783 0.089 4.41e-04
0.00e+00 0.00e+00 0.00e+00 6.39e-80 2.52e-85 7.50e-83 8.50e-280 1.62e-282 4.81e-280 3.68e-94 8.15e-99 2.43e-96 3.02e-04 4.83e-07 1.44e-04 5.76e-23 6.88e-26 2.05e-23 7.32e-01 3.36e-03 1.00e+00 0.00255 0.089 1.44e-04
0.00e+00 0.00e+00 0.00e+00 6.40e-88 3.12e-93 8.93e-91 7.85e-271 1.48e-273 4.24e-271 3.05e-103 1.00e-107 2.87e-105 3.95e-04 6.50e-07 1.86e-04 1.35e-22 1.60e-25 4.59e-23 7.61e-01 3.49e-03 1.00e+00 0.0033 0.089 1.86e-04
0.00e+00 0.00e+00 0.00e+00 1.48e-93 7.80e-99 2.35e-96 4.19e-275 7.89e-278 2.38e-275 5.94e-109 2.04e-113 6.17e-111 3.90e-04 6.33e-07 1.91e-04 9.72e-23 1.15e-25 3.47e-23 7.21e-01 3.31e-03 1.00e+00 0.0034 0.089 1.91e-04
0.00e+00 0.00e+00 0.00e+00 4.80e-94 2.52e-99 7.66e-97 3.48e-283 6.82e-286 2.07e-283 1.75e-117 6.14e-122 1.86e-119 2.60e-04 4.25e-07 1.29e-04 8.63e-22 1.03e-24 3.12e-22 7.18e-01 3.29e-03 1.00e+00 0.00229 0.089 1.29e-04
0.00e+00 0.00e+00 0.00e+00 7.16e-97 5.11e-102 1.61e-99 3.46e-278 6.86e-281 2.16e-278 1.36e-101 4.79e-106 1.51e-103 4.48e-04 7.23e-07 2.27e-04 1.44e-22 1.71e-25 5.39e-23 6.93e-01 3.18e-03 1.00e+00 0.00404 0.089 2.27e-04
0.00e+00 0.00e+00 0.00e+00 3.21e-99 2.41e-104 7.02e-102 2.09e-281 4.23e-284 1.23e-281 2.18e-106 6.83e-111 1.99e-108 2.17e-04 3.52e-07 1.02e-04 3.14e-22 3.83e-25 1.12e-22 7.47e-01 3.43e-03 1.00e+00 0.00182 0.089 1.02e-04
0.00e+00 0.00e+00 0.00e+00 1.90e-85 1.03e-90 3.17e-88 1.85e-274 3.61e-277 1.10e-274 4.30e-92 1.18e-96 3.62e-94 7.13e-04 1.16e-06 3.55e-04 6.31e-23 7.60e-26 2.33e-23 7.11e-01 3.26e-03 1.00e+00 0.0063 0.089 3.55e-04
0.00e+00 0.00e+00 0.00e+00 5.95e-96 4.24e-101 1.23e-98 5.93e-275 1.22e-277 3.53e-275 3.21e-156 7.62e-161 2.21e-158 5.97e-04 9.57e-07 2.77e-04 1.52e-21 1.85e-24 5.35e-22 7.52e-01 3.45e-03 1.00e+00 0.00492 0.089 2.77e-04
